Modelo: modelo_multinucleo
Perdida: 0.0521099679172039
Precision: 0.9860514998435974
Precision: 0.9871905288703315
Recall: 0.9860515021459227
F1-score: 0.9858803435865937
